//原始数据
$GNRMC,020340.00,A,4002.27438,N,11618.26030,E,1.785,,200120,,,A,V*1F
$GNGGA,020340.00,4002.27438,N,11618.26030,E,1,04,2.91,25.1,M,-8.7,M,,*69
$GNGSA,A,3,15,24,21,12,,,,,,,,,5.01,2.91,4.08,1*01
$GNGSA,A,3,,,,,,,,,,,,,5.01,2.91,4.08,4*06
$GPGSV,3,1,09,10,59,313,,12,23,124,23,14,09,267,,15,25,079,20,0*66
$GPGSV,3,2,09,20,83,191,,21,27,209,12,24,62,059,27,25,10,161,,0*68
$GPGSV,3,3,09,32,31,279,08,0*5B
$BDGSV,1,1,00,0*74
$GNTXT,1,1,01,ANTENNA OPEN*3B





$GNRMC,071158.00,A,4002.26466,N,11618.31430,E,0.063,,200120,,,A,V*16
$GNGGA,071158.00,4002.26466,N,11618.31430,E,1,07,1.14,64.7,M,-8.7,M,,*60
$GNGSA,A,3,16,14,29,31,32,03,26,,,,,,2.04,1.14,1.69,1*00
$GNGSA,A,3,,,,,,,,,,,,,2.04,1.14,1.69,4*08
$GPGSV,3,1,11,03,26,272,23,04,29,313,07,09,00,319,,14,48,149,35,0*6E
$GPGSV,3,2,11,16,52,229,18,25,03,050,,26,81,256,21,27,07,183,,0*62
$GPGSV,3,3,11,29,29,057,18,31,60,060,28,32,19,148,34,0*55
$BDGSV,1,1,00,0*74
$GNTXT,1,1,01,ANTENNA OPEN*3B


GNSS  
GPSS

